15
0
      1 +1.63888e-01 +4.87406e-01 +0.00000e+00 -1.32718e-01 -1.00719e-01 +0.00000e+00
      1 +4.72661e-01 -7.87292e-01 +0.00000e+00 +2.77024e-01 -1.99658e-01 +0.00000e+00
      1 -9.41115e-01 +5.25550e-01 +0.00000e+00 +2.05357e-01 -5.72822e-01 +0.00000e+00
      1 -1.86558e-02 -8.88459e-01 +0.00000e+00 +8.98216e-01 +5.62890e-01 +0.00000e+00
      1 +5.27120e-02 +8.64624e-01 +0.00000e+00 -8.74008e-01 +2.22095e-01 +0.00000e+00
      1 +3.75170e-01 -1.49469e-01 +0.00000e+00 -2.66367e-01 -6.00917e-01 +0.00000e+00
      1 -7.37806e-01 -7.44401e-01 +0.00000e+00 -1.67308e-01 -5.56921e-01 +0.00000e+00
      1 -4.83311e-01 -8.35272e-01 +0.00000e+00 -7.42539e-01 -2.95405e-01 +0.00000e+00
      1 -6.23581e-01 -3.80038e-01 +0.00000e+00 +8.52841e-01 +9.91729e-03 +0.00000e+00
      1 +7.56990e-01 +9.23245e-01 +0.00000e+00 +9.82792e-01 -8.64532e-01 +0.00000e+00
      1 +4.97271e-01 +7.76748e-02 +0.00000e+00 +7.62972e-01 -6.69813e-01 +0.00000e+00
      1 -2.61373e-01 -5.64991e-01 +0.00000e+00 -9.32956e-01 -9.64707e-01 +0.00000e+00
      1 +1.99344e-01 +5.97619e-01 +0.00000e+00 +6.28163e-01 -1.46420e-02 +0.00000e+00
      1 +9.21613e-01 +6.99563e-01 +0.00000e+00 +1.94510e-01 -5.30631e-01 +0.00000e+00
      1 +1.61102e-01 +6.87214e-01 +0.00000e+00 +2.54246e-01 -1.71431e-01 +0.00000e+00
